# === DATA DESCRIPTION FILE ======================================================
#
# CAUTION - Investigational device.
# Limited by Federal Law to investigational use.
#
# Dataset name: E:\\Export\ANON_WIP_3D_CORONARY_NO_T2p_SENSE_10_1
#
# CLINICAL TRYOUT             Research image export tool     V4.2
#
# === GENERAL INFORMATION ========================================================
#
.    Patient name                       :   ANON
.    Examination name                   :   MRI Heart
.    Protocol name                      :   WIP 3D CORONARY NO T2p SENSE
.    Examination date/time              :   2013.07.16 / 17:31:20
.    Series Type                        :   Image   MRSERIES
.    Acquisition nr                     :   10
.    Reconstruction nr                  :   1
.    Scan Duration [sec]                :   286
.    Max. number of cardiac phases      :   1
.    Max. number of echoes              :   1
.    Max. number of slices/locations    :   166
.    Max. number of dynamics            :   1
.    Max. number of mixes               :   1
.    Patient position                   :   Head First Supine
.    Preparation direction              :   Right-Left
.    Technique                          :   B-TFE
.    Scan resolution  (x, y)            :   232  234
.    Scan mode                          :   3D
.    Repetition time [ms]               :   4.090  
.    FOV (ap,fh,rl) [mm]                :   99.600  280.000  280.000
.    Water Fat shift [pixels]           :   0.202
.    Angulation midslice(ap,fh,rl)[degr]:   0.000  0.000  0.127
.    Off Centre midslice(ap,fh,rl) [mm] :   0.774  17.896  -32.124
.    Flow compensation <0=no 1=yes> ?   :   0
.    Presaturation     <0=no 1=yes> ?   :   0
.    Phase encoding velocity [cm/sec]   :   0.000000  0.000000  0.000000
.    MTC               <0=no 1=yes> ?   :   0
.    SPIR              <0=no 1=yes> ?   :   1
.    EPI factor        <0,1=no EPI>     :   1
.    Dynamic scan      <0=no 1=yes> ?   :   0
.    Diffusion         <0=no 1=yes> ?   :   0
.    Diffusion echo time [ms]           :   0.0000
.    Max. number of diffusion values    :   1
.    Max. number of gradient orients    :   1
.    Number of label types   <0=no ASL> :   0
#
# === PIXEL VALUES =============================================================
#  PV = pixel value in REC file, FP = floating point value, DV = displayed value on console
#  RS = rescale slope,           RI = rescale intercept,    SS = scale slope
#  DV = PV * RS + RI             FP = DV / (RS * SS)
#
# === IMAGE INFORMATION DEFINITION =============================================
#  The rest of this file contains ONE line per image, this line contains the following information:
#
#  sl:         slice number                             (integer)
#  ec:         echo number                              (integer)
#  dyn:        dynamic scan number                      (integer)
#  ph:         cardiac phase number                     (integer)
#  ty:         image_type_mr                            (integer)
#  ???:        scanning sequence                        (integer)
#  idx:        index in REC file (in images)            (integer)
#  pix:        image pixel size (in bits)               (integer)
#  scan%:      scan percentage                          (integer)
#  size:       recon resolution (x y)                   (2*integer)
#  (re)scale:  rescale intercept                        (float)
#              rescale slope                            (float)
#              scale slope                              (float)
#  window:     window center                            (integer)
#              window width                             (integer)
#  angulation: image angulation (ap,fh,rl in degrees )  (3*float)
#  offcentre:  image offcentre (ap,fh,rl in mm )        (3*float)
#  thick:      slice thickness (in mm )                 (float)
#  gap:        slice gap (in mm )                       (float)
#  image_display_orientation                (integer)
#  slice orientation ( TRA/SAG/COR )        (integer)
#  fmri_status_indication                   (integer)
#  image_type_ed_es  (end diast/end syst)   (integer)
#  pixel spacing (x,y) (in mm)              (2*float)
#  echo_time                                (float)
#  dyn_scan_begin_time                      (float)
#  trigger_time                             (float)
#  diffusion_b_factor                       (float)
#  number of averages                       (integer)
#  image_flip_angle (in degrees)            (float)
#  cardiac frequency   (bpm)                (integer)
#  minimum RR-interval (in ms)              (integer)
#  maximum RR-interval (in ms)              (integer)
#  TURBO factor  <0=no turbo>               (integer)
#  Inversion delay (in ms)                  (float)
#  diffusion b value number    (imagekey!)  (integer)
#  gradient orientation number (imagekey!)  (integer)
#  contrast type                            (string)
#  diffusion anisotropy type                (string)
#  diffusion (ap, fh, rl)                   (3*float)
#  label type (ASL)            (imagekey!)  (integer)
#
# === IMAGE INFORMATION ==========================================================
#  sl ec  dyn ph ty    idx pix scan% rec size                (re)scale              window        angulation              offcentre        thick   gap   info      spacing     echo     dtime   ttime    diff  avg  flip    freq   RR-int  turbo delay b grad cont anis         diffusion       L.ty

  1   1    1  1 0 2     0  16    78  480  480     0.00000   3.48230 5.72826e-004   481   835   0.00   0.00   0.13  -48.73   17.79  -32.12  1.200 -0.600 0 3 0 2  0.583  0.583   2.05    0.00   650.00    0.00   1   70.00    69  700 2619    30   0.0  1   1    7    0   0.000    0.000    0.000  1
  2   1    1  1 0 2     1  16    78  480  480     0.00000   3.48230 5.72826e-004   481   836   0.00   0.00   0.13  -48.13   17.79  -32.12  1.200 -0.600 0 3 0 2  0.583  0.583   2.05    0.00   650.00    0.00   1   70.00    69  700 2619    30   0.0  1   1    7    0   0.000    0.000    0.000  1
  3   1    1  1 0 2     2  16    78  480  480     0.00000   3.48230 5.72826e-004   481   836   0.00   0.00   0.13  -47.53   17.79  -32.12  1.200 -0.600 0 3 0 2  0.583  0.583   2.05    0.00   650.00    0.00   1   70.00    69  700 2619    30   0.0  1   1    7    0   0.000    0.000    0.000  1
  4   1    1  1 0 2     3  16    78  480  480     0.00000   3.48230 5.72826e-004   486   846   0.00   0.00   0.13  -46.93   17.79  -32.12  1.200 -0.600 0 3 0 2  0.583  0.583   2.05    0.00   650.00    0.00   1   70.00    69  700 2619    30   0.0  1   1    7    0   0.000    0.000    0.000  1
  5   1    1  1 0 2     4  16    78  480  480     0.00000   3.48230 5.72826e-004   506   880   0.00   0.00   0.13  -46.33   17.79  -32.12  1.200 -0.600 0 3 0 2  0.583  0.583   2.05    0.00   650.00    0.00   1   70.00    69  700 2619    30   0.0  1   1    7    0   0.000    0.000    0.000  1
  6   1    1  1 0 2     5  16    78  480  480     0.00000   3.48230 5.72826e-004   527   917   0.00   0.00   0.13  -45.73   17.79  -32.12  1.200 -0.600 0 3 0 2  0.583  0.583   2.05    0.00   650.00    0.00   1   70.00    69  700 2619    30   0.0  1   1    7    0   0.000    0.000    0.000  1
  7   1    1  1 0 2     6  16    78  480  480     0.00000   3.48230 5.72826e-004   564   980   0.00   0.00   0.13  -45.13   17.79  -32.12  1.200 -0.600 0 3 0 2  0.583  0.583   2.05    0.00   650.00    0.00   1   70.00    69  700 2619    30   0.0  1   1    7    0   0.000    0.000    0.000  1
  8   1    1  1 0 2     7  16    78  480  480     0.00000   3.48230 5.72826e-004   588  1022   0.00   0.00   0.13  -44.53   17.80  -32.12  1.200 -0.600 0 3 0 2  0.583  0.583   2.05    0.00   650.00    0.00   1   70.00    69  700 2619    30   0.0  1   1    7    0   0.000    0.000    0.000  1
  9   1    1  1 0 2     8  16    78  480  480     0.00000   3.48230 5.72826e-004   605  1053   0.00   0.00   0.13  -43.93   17.80  -32.12  1.200 -0.600 0 3 0 2  0.583  0.583   2.05    0.00   650.00    0.00   1   70.00    69  700 2619    30   0.0  1   1    7    0   0.000    0.000    0.000  1
 10   1    1  1 0 2     9  16    78  480  480     0.00000   3.48230 5.72826e-004   626  1088   0.00   0.00   0.13  -43.33   17.80  -32.12  1.200 -0.600 0 3 0 2  0.583  0.583   2.05    0.00   650.00    0.00   1   70.00    69  700 2619    30   0.0  1   1    7    0   0.000    0.000    0.000  1
 11   1    1  1 0 2    10  16    78  480  480     0.00000   3.48230 5.72826e-004   665  1156   0.00   0.00   0.13  -42.73   17.80  -32.12  1.200 -0.600 0 3 0 2  0.583  0.583   2.05    0.00   650.00    0.00   1   70.00    69  700 2619    30   0.0  1   1    7    0   0.000    0.000    0.000  1
 12   1    1  1 0 2    11  16    78  480  480     0.00000   3.48230 5.72826e-004   676  1175   0.00   0.00   0.13  -42.13   17.80  -32.12  1.200 -0.600 0 3 0 2  0.583  0.583   2.05    0.00   650.00    0.00   1   70.00    69  700 2619    30   0.0  1   1    7    0   0.000    0.000    0.000  1
 13   1    1  1 0 2    12  16    78  480  480     0.00000   3.48230 5.72826e-004   679  1180   0.00   0.00   0.13  -41.53   17.80  -32.12  1.200 -0.600 0 3 0 2  0.583  0.583   2.05    0.00   650.00    0.00   1   70.00    69  700 2619    30   0.0  1   1    7    0   0.000    0.000    0.000  1
 14   1    1  1 0 2    13  16    78  480  480     0.00000   3.48230 5.72826e-004   695  1209   0.00   0.00   0.13  -40.93   17.80  -32.12  1.200 -0.600 0 3 0 2  0.583  0.583   2.05    0.00   650.00    0.00   1   70.00    69  700 2619    30   0.0  1   1    7    0   0.000    0.000    0.000  1
 15   1    1  1 0 2    14  16    78  480  480     0.00000   3.48230 5.72826e-004   702  1221   0.00   0.00   0.13  -40.33   17.80  -32.12  1.200 -0.600 0 3 0 2  0.583  0.583   2.05    0.00   650.00    0.00   1   70.00    69  700 2619    30   0.0  1   1    7    0   0.000    0.000    0.000  1
 16   1    1  1 0 2    15  16    78  480  480     0.00000   3.48230 5.72826e-004   727  1264   0.00   0.00   0.13  -39.73   17.81  -32.12  1.200 -0.600 0 3 0 2  0.583  0.583   2.05    0.00   650.00    0.00   1   70.00    69  700 2619    30   0.0  1   1    7    0   0.000    0.000    0.000  1
 17   1    1  1 0 2    16  16    78  480  480     0.00000   3.48230 5.72826e-004   745  1295   0.00   0.00   0.13  -39.13   17.81  -32.12  1.200 -0.600 0 3 0 2  0.583  0.583   2.05    0.00   650.00    0.00   1   70.00    69  700 2619    30   0.0  1   1    7    0   0.000    0.000    0.000  1
 18   1    1  1 0 2    17  16    78  480  480     0.00000   3.48230 5.72826e-004   772  1343   0.00   0.00   0.13  -38.53   17.81  -32.12  1.200 -0.600 0 3 0 2  0.583  0.583   2.05    0.00   650.00    0.00   1   70.00    69  700 2619    30   0.0  1   1    7    0   0.000    0.000    0.000  1
 19   1    1  1 0 2    18  16    78  480  480     0.00000   3.48230 5.72826e-004   815  1417   0.00   0.00   0.13  -37.93   17.81  -32.12  1.200 -0.600 0 3 0 2  0.583  0.583   2.05    0.00   650.00    0.00   1   70.00    69  700 2619    30   0.0  1   1    7    0   0.000    0.000    0.000  1
 20   1    1  1 0 2    19  16    78  480  480     0.00000   3.48230 5.72826e-004   842  1463   0.00   0.00   0.13  -37.33   17.81  -32.12  1.200 -0.600 0 3 0 2  0.583  0.583   2.05    0.00   650.00    0.00   1   70.00    69  700 2619    30   0.0  1   1    7    0   0.000    0.000    0.000  1
 21   1    1  1 0 2    20  16    78  480  480     0.00000   3.48230 5.72826e-004   863  1500   0.00   0.00   0.13  -36.73   17.81  -32.12  1.200 -0.600 0 3 0 2  0.583  0.583   2.05    0.00   650.00    0.00   1   70.00    69  700 2619    30   0.0  1   1    7    0   0.000    0.000    0.000  1
 22   1    1  1 0 2    21  16    78  480  480     0.00000   3.48230 5.72826e-004   880  1530   0.00   0.00   0.13  -36.13   17.81  -32.12  1.200 -0.600 0 3 0 2  0.583  0.583   2.05    0.00   650.00    0.00   1   70.00    69  700 2619    30   0.0  1   1    7    0   0.000    0.000    0.000  1
 23   1    1  1 0 2    22  16    78  480  480     0.00000   3.48230 5.72826e-004   890  1547   0.00   0.00   0.13  -35.53   17.82  -32.12  1.200 -0.600 0 3 0 2  0.583  0.583   2.05    0.00   650.00    0.00   1   70.00    69  700 2619    30   0.0  1   1    7    0   0.000    0.000    0.000  1
 24   1    1  1 0 2    23  16    78  480  480     0.00000   3.48230 5.72826e-004   895  1556   0.00   0.00   0.13  -34.93   17.82  -32.12  1.200 -0.600 0 3 0 2  0.583  0.583   2.05    0.00   650.00    0.00   1   70.00    69  700 2619    30   0.0  1   1    7    0   0.000    0.000    0.000  1
 25   1    1  1 0 2    24  16    78  480  480     0.00000   3.48230 5.72826e-004   904  1572   0.00   0.00   0.13  -34.33   17.82  -32.12  1.200 -0.600 0 3 0 2  0.583  0.583   2.05    0.00   650.00    0.00   1   70.00    69  700 2619    30   0.0  1   1    7    0   0.000    0.000    0.000  1
 26   1    1  1 0 2    25  16    78  480  480     0.00000   3.48230 5.72826e-004   905  1574   0.00   0.00   0.13  -33.73   17.82  -32.12  1.200 -0.600 0 3 0 2  0.583  0.583   2.05    0.00   650.00    0.00   1   70.00    69  700 2619    30   0.0  1   1    7    0   0.000    0.000    0.000  1
 27   1    1  1 0 2    26  16    78  480  480     0.00000   3.48230 5.72826e-004   910  1582   0.00   0.00   0.13  -33.13   17.82  -32.12  1.200 -0.600 0 3 0 2  0.583  0.583   2.05    0.00   650.00    0.00   1   70.00    69  700 2619    30   0.0  1   1    7    0   0.000    0.000    0.000  1
 28   1    1  1 0 2    27  16    78  480  480     0.00000   3.48230 5.72826e-004   916  1592   0.00   0.00   0.13  -32.53   17.82  -32.12  1.200 -0.600 0 3 0 2  0.583  0.583   2.05    0.00   650.00    0.00   1   70.00    69  700 2619    30   0.0  1   1    7    0   0.000    0.000    0.000  1
 29   1    1  1 0 2    28  16    78  480  480     0.00000   3.48230 5.72826e-004   928  1614   0.00   0.00   0.13  -31.93   17.82  -32.12  1.200 -0.600 0 3 0 2  0.583  0.583   2.05    0.00   650.00    0.00   1   70.00    69  700 2619    30   0.0  1   1    7    0   0.000    0.000    0.000  1
 30   1    1  1 0 2    29  16    78  480  480     0.00000   3.48230 5.72826e-004   937  1628   0.00   0.00   0.13  -31.33   17.82  -32.12  1.200 -0.600 0 3 0 2  0.583  0.583   2.05    0.00   650.00    0.00   1   70.00    69  700 2619    30   0.0  1   1    7    0   0.000    0.000    0.000  1
 31   1    1  1 0 2    30  16    78  480  480     0.00000   3.48230 5.72826e-004   943  1639   0.00   0.00   0.13  -30.73   17.83  -32.12  1.200 -0.600 0 3 0 2  0.583  0.583   2.05    0.00   650.00    0.00   1   70.00    69  700 2619    30   0.0  1   1    7    0   0.000    0.000    0.000  1
 32   1    1  1 0 2    31  16    78  480  480     0.00000   3.48230 5.72826e-004   940  1633   0.00   0.00   0.13  -30.13   17.83  -32.12  1.200 -0.600 0 3 0 2  0.583  0.583   2.05    0.00   650.00    0.00   1   70.00    69  700 2619    30   0.0  1   1    7    0   0.000    0.000    0.000  1
 33   1    1  1 0 2    32  16    78  480  480     0.00000   3.48230 5.72826e-004   931  1618   0.00   0.00   0.13  -29.53   17.83  -32.12  1.200 -0.600 0 3 0 2  0.583  0.583   2.05    0.00   650.00    0.00   1   70.00    69  700 2619    30   0.0  1   1    7    0   0.000    0.000    0.000  1
 34   1    1  1 0 2    33  16    78  480  480     0.00000   3.48230 5.72826e-004   925  1608   0.00   0.00   0.13  -28.93   17.83  -32.12  1.200 -0.600 0 3 0 2  0.583  0.583   2.05    0.00   650.00    0.00   1   70.00    69  700 2619    30   0.0  1   1    7    0   0.000    0.000    0.000  1
 35   1    1  1 0 2    34  16    78  480  480     0.00000   3.48230 5.72826e-004   931  1619   0.00   0.00   0.13  -28.33   17.83  -32.12  1.200 -0.600 0 3 0 2  0.583  0.583   2.05    0.00   650.00    0.00   1   70.00    69  700 2619    30   0.0  1   1    7    0   0.000    0.000    0.000  1
 36   1    1  1 0 2    35  16    78  480  480     0.00000   3.48230 5.72826e-004   944  1641   0.00   0.00   0.13  -27.73   17.83  -32.12  1.200 -0.600 0 3 0 2  0.583  0.583   2.05    0.00   650.00    0.00   1   70.00    69  700 2619    30   0.0  1   1    7    0   0.000    0.000    0.000  1
 37   1    1  1 0 2    36  16    78  480  480     0.00000   3.48230 5.72826e-004   931  1619   0.00   0.00   0.13  -27.13   17.83  -32.12  1.200 -0.600 0 3 0 2  0.583  0.583   2.05    0.00   650.00    0.00   1   70.00    69  700 2619    30   0.0  1   1    7    0   0.000    0.000    0.000  1
 38   1    1  1 0 2    37  16    78  480  480     0.00000   3.48230 5.72826e-004   924  1606   0.00   0.00   0.13  -26.53   17.84  -32.12  1.200 -0.600 0 3 0 2  0.583  0.583   2.05    0.00   650.00    0.00   1   70.00    69  700 2619    30   0.0  1   1    7    0   0.000    0.000    0.000  1
 39   1    1  1 0 2    38  16    78  480  480     0.00000   3.48230 5.72826e-004   909  1581   0.00   0.00   0.13  -25.93   17.84  -32.12  1.200 -0.600 0 3 0 2  0.583  0.583   2.05    0.00   650.00    0.00   1   70.00    69  700 2619    30   0.0  1   1    7    0   0.000    0.000    0.000  1
 40   1    1  1 0 2    39  16    78  480  480     0.00000   3.48230 5.72826e-004   905  1574   0.00   0.00   0.13  -25.33   17.84  -32.12  1.200 -0.600 0 3 0 2  0.583  0.583   2.05    0.00   650.00    0.00   1   70.00    69  700 2619    30   0.0  1   1    7    0   0.000    0.000    0.000  1
 41   1    1  1 0 2    40  16    78  480  480     0.00000   3.48230 5.72826e-004   910  1581   0.00   0.00   0.13  -24.73   17.84  -32.12  1.200 -0.600 0 3 0 2  0.583  0.583   2.05    0.00   650.00    0.00   1   70.00    69  700 2619    30   0.0  1   1    7    0   0.000    0.000    0.000  1
 42   1    1  1 0 2    41  16    78  480  480     0.00000   3.48230 5.72826e-004   920  1599   0.00   0.00   0.13  -24.13   17.84  -32.12  1.200 -0.600 0 3 0 2  0.583  0.583   2.05    0.00   650.00    0.00   1   70.00    69  700 2619    30   0.0  1   1    7    0   0.000    0.000    0.000  1
 43   1    1  1 0 2    42  16    78  480  480     0.00000   3.48230 5.72826e-004   931  1619   0.00   0.00   0.13  -23.53   17.84  -32.12  1.200 -0.600 0 3 0 2  0.583  0.583   2.05    0.00   650.00    0.00   1   70.00    69  700 2619    30   0.0  1   1    7    0   0.000    0.000    0.000  1
 44   1    1  1 0 2    43  16    78  480  480     0.00000   3.48230 5.72826e-004   953  1657   0.00   0.00   0.13  -22.93   17.84  -32.12  1.200 -0.600 0 3 0 2  0.583  0.583   2.05    0.00   650.00    0.00   1   70.00    69  700 2619    30   0.0  1   1    7    0   0.000    0.000    0.000  1
 45   1    1  1 0 2    44  16    78  480  480     0.00000   3.48230 5.72826e-004   965  1678   0.00   0.00   0.13  -22.33   17.84  -32.12  1.200 -0.600 0 3 0 2  0.583  0.583   2.05    0.00   650.00    0.00   1   70.00    69  700 2619    30   0.0  1   1    7    0   0.000    0.000    0.000  1
 46   1    1  1 0 2    45  16    78  480  480     0.00000   3.48230 5.72826e-004   984  1711   0.00   0.00   0.13  -21.73   17.85  -32.12  1.200 -0.600 0 3 0 2  0.583  0.583   2.05    0.00   650.00    0.00   1   70.00    69  700 2619    30   0.0  1   1    7    0   0.000    0.000    0.000  1
 47   1    1  1 0 2    46  16    78  480  480     0.00000   3.48230 5.72826e-004   983  1708   0.00   0.00   0.13  -21.13   17.85  -32.12  1.200 -0.600 0 3 0 2  0.583  0.583   2.05    0.00   650.00    0.00   1   70.00    69  700 2619    30   0.0  1   1    7    0   0.000    0.000    0.000  1
 48   1    1  1 0 2    47  16    78  480  480     0.00000   3.48230 5.72826e-004   994  1729   0.00   0.00   0.13  -20.53   17.85  -32.12  1.200 -0.600 0 3 0 2  0.583  0.583   2.05    0.00   650.00    0.00   1   70.00    69  700 2619    30   0.0  1   1    7    0   0.000    0.000    0.000  1
 49   1    1  1 0 2    48  16    78  480  480     0.00000   3.48230 5.72826e-004   994  1728   0.00   0.00   0.13  -19.93   17.85  -32.12  1.200 -0.600 0 3 0 2  0.583  0.583   2.05    0.00   650.00    0.00   1   70.00    69  700 2619    30   0.0  1   1    7    0   0.000    0.000    0.000  1
 50   1    1  1 0 2    49  16    78  480  480     0.00000   3.48230 5.72826e-004   984  1711   0.00   0.00   0.13  -19.33   17.85  -32.12  1.200 -0.600 0 3 0 2  0.583  0.583   2.05    0.00   650.00    0.00   1   70.00    69  700 2619    30   0.0  1   1    7    0   0.000    0.000    0.000  1
 51   1    1  1 0 2    50  16    78  480  480     0.00000   3.48230 5.72826e-004   972  1689   0.00   0.00   0.13  -18.73   17.85  -32.12  1.200 -0.600 0 3 0 2  0.583  0.583   2.05    0.00   650.00    0.00   1   70.00    69  700 2619    30   0.0  1   1    7    0   0.000    0.000    0.000  1
 52   1    1  1 0 2    51  16    78  480  480     0.00000   3.48230 5.72826e-004   975  1695   0.00   0.00   0.13  -18.13   17.85  -32.12  1.200 -0.600 0 3 0 2  0.583  0.583   2.05    0.00   650.00    0.00   1   70.00    69  700 2619    30   0.0  1   1    7    0   0.000    0.000    0.000  1
 53   1    1  1 0 2    52  16    78  480  480     0.00000   3.48230 5.72826e-004   986  1714   0.00   0.00   0.13  -17.53   17.86  -32.12  1.200 -0.600 0 3 0 2  0.583  0.583   2.05    0.00   650.00    0.00   1   70.00    69  700 2619    30   0.0  1   1    7    0   0.000    0.000    0.000  1
 54   1    1  1 0 2    53  16    78  480  480     0.00000   3.48230 5.72826e-004   995  1729   0.00   0.00   0.13  -16.93   17.86  -32.12  1.200 -0.600 0 3 0 2  0.583  0.583   2.05    0.00   650.00    0.00   1   70.00    69  700 2619    30   0.0  1   1    7    0   0.000    0.000    0.000  1
 55   1    1  1 0 2    54  16    78  480  480     0.00000   3.48230 5.72826e-004   995  1729   0.00   0.00   0.13  -16.33   17.86  -32.12  1.200 -0.600 0 3 0 2  0.583  0.583   2.05    0.00   650.00    0.00   1   70.00    69  700 2619    30   0.0  1   1    7    0   0.000    0.000    0.000  1
 56   1    1  1 0 2    55  16    78  480  480     0.00000   3.48230 5.72826e-004   994  1728   0.00   0.00   0.13  -15.73   17.86  -32.12  1.200 -0.600 0 3 0 2  0.583  0.583   2.05    0.00   650.00    0.00   1   70.00    69  700 2619    30   0.0  1   1    7    0   0.000    0.000    0.000  1
 57   1    1  1 0 2    56  16    78  480  480     0.00000   3.48230 5.72826e-004   997  1734   0.00   0.00   0.13  -15.13   17.86  -32.12  1.200 -0.600 0 3 0 2  0.583  0.583   2.05    0.00   650.00    0.00   1   70.00    69  700 2619    30   0.0  1   1    7    0   0.000    0.000    0.000  1
 58   1    1  1 0 2    57  16    78  480  480     0.00000   3.48230 5.72826e-004  1011  1758   0.00   0.00   0.13  -14.53   17.86  -32.12  1.200 -0.600 0 3 0 2  0.583  0.583   2.05    0.00   650.00    0.00   1   70.00    69  700 2619    30   0.0  1   1    7    0   0.000    0.000    0.000  1
 59   1    1  1 0 2    58  16    78  480  480     0.00000   3.48230 5.72826e-004  1020  1773   0.00   0.00   0.13  -13.93   17.86  -32.12  1.200 -0.600 0 3 0 2  0.583  0.583   2.05    0.00   650.00    0.00   1   70.00    69  700 2619    30   0.0  1   1    7    0   0.000    0.000    0.000  1
 60   1    1  1 0 2    59  16    78  480  480     0.00000   3.48230 5.72826e-004  1042  1811   0.00   0.00   0.13  -13.33   17.86  -32.12  1.200 -0.600 0 3 0 2  0.583  0.583   2.05    0.00   650.00    0.00   1   70.00    69  700 2619    30   0.0  1   1    7    0   0.000    0.000    0.000  1
 61   1    1  1 0 2    60  16    78  480  480     0.00000   3.48230 5.72826e-004  1058  1839   0.00   0.00   0.13  -12.73   17.87  -32.12  1.200 -0.600 0 3 0 2  0.583  0.583   2.05    0.00   650.00    0.00   1   70.00    69  700 2619    30   0.0  1   1    7    0   0.000    0.000    0.000  1
 62   1    1  1 0 2    61  16    78  480  480     0.00000   3.48230 5.72826e-004  1092  1899   0.00   0.00   0.13  -12.13   17.87  -32.12  1.200 -0.600 0 3 0 2  0.583  0.583   2.05    0.00   650.00    0.00   1   70.00    69  700 2619    30   0.0  1   1    7    0   0.000    0.000    0.000  1
 63   1    1  1 0 2    62  16    78  480  480     0.00000   3.48230 5.72826e-004  1109  1928   0.00   0.00   0.13  -11.53   17.87  -32.12  1.200 -0.600 0 3 0 2  0.583  0.583   2.05    0.00   650.00    0.00   1   70.00    69  700 2619    30   0.0  1   1    7    0   0.000    0.000    0.000  1
 64   1    1  1 0 2    63  16    78  480  480     0.00000   3.48230 5.72826e-004  1110  1929   0.00   0.00   0.13  -10.93   17.87  -32.12  1.200 -0.600 0 3 0 2  0.583  0.583   2.05    0.00   650.00    0.00   1   70.00    69  700 2619    30   0.0  1   1    7    0   0.000    0.000    0.000  1
 65   1    1  1 0 2    64  16    78  480  480     0.00000   3.48230 5.72826e-004  1103  1918   0.00   0.00   0.13  -10.33   17.87  -32.12  1.200 -0.600 0 3 0 2  0.583  0.583   2.05    0.00   650.00    0.00   1   70.00    69  700 2619    30   0.0  1   1    7    0   0.000    0.000    0.000  1
 66   1    1  1 0 2    65  16    78  480  480     0.00000   3.48230 5.72826e-004  1094  1902   0.00   0.00   0.13   -9.73   17.87  -32.12  1.200 -0.600 0 3 0 2  0.583  0.583   2.05    0.00   650.00    0.00   1   70.00    69  700 2619    30   0.0  1   1    7    0   0.000    0.000    0.000  1
 67   1    1  1 0 2    66  16    78  480  480     0.00000   3.48230 5.72826e-004  1101  1914   0.00   0.00   0.13   -9.13   17.87  -32.12  1.200 -0.600 0 3 0 2  0.583  0.583   2.05    0.00   650.00    0.00   1   70.00    69  700 2619    30   0.0  1   1    7    0   0.000    0.000    0.000  1
 68   1    1  1 0 2    67  16    78  480  480     0.00000   3.48230 5.72826e-004  1113  1935   0.00   0.00   0.13   -8.53   17.88  -32.12  1.200 -0.600 0 3 0 2  0.583  0.583   2.05    0.00   650.00    0.00   1   70.00    69  700 2619    30   0.0  1   1    7    0   0.000    0.000    0.000  1
 69   1    1  1 0 2    68  16    78  480  480     0.00000   3.48230 5.72826e-004  1135  1974   0.00   0.00   0.13   -7.93   17.88  -32.12  1.200 -0.600 0 3 0 2  0.583  0.583   2.05    0.00   650.00    0.00   1   70.00    69  700 2619    30   0.0  1   1    7    0   0.000    0.000    0.000  1
 70   1    1  1 0 2    69  16    78  480  480     0.00000   3.48230 5.72826e-004  1167  2028   0.00   0.00   0.13   -7.33   17.88  -32.12  1.200 -0.600 0 3 0 2  0.583  0.583   2.05    0.00   650.00    0.00   1   70.00    69  700 2619    30   0.0  1   1    7    0   0.000    0.000    0.000  1
 71   1    1  1 0 2    70  16    78  480  480     0.00000   3.48230 5.72826e-004  1180  2052   0.00   0.00   0.13   -6.73   17.88  -32.12  1.200 -0.600 0 3 0 2  0.583  0.583   2.05    0.00   650.00    0.00   1   70.00    69  700 2619    30   0.0  1   1    7    0   0.000    0.000    0.000  1
 72   1    1  1 0 2    71  16    78  480  480     0.00000   3.48230 5.72826e-004  1181  2052   0.00   0.00   0.13   -6.13   17.88  -32.12  1.200 -0.600 0 3 0 2  0.583  0.583   2.05    0.00   650.00    0.00   1   70.00    69  700 2619    30   0.0  1   1    7    0   0.000    0.000    0.000  1
 73   1    1  1 0 2    72  16    78  480  480     0.00000   3.48230 5.72826e-004  1184  2057   0.00   0.00   0.13   -5.53   17.88  -32.12  1.200 -0.600 0 3 0 2  0.583  0.583   2.05    0.00   650.00    0.00   1   70.00    69  700 2619    30   0.0  1   1    7    0   0.000    0.000    0.000  1
 74   1    1  1 0 2    73  16    78  480  480     0.00000   3.48230 5.72826e-004  1200  2087   0.00   0.00   0.13   -4.93   17.88  -32.12  1.200 -0.600 0 3 0 2  0.583  0.583   2.05    0.00   650.00    0.00   1   70.00    69  700 2619    30   0.0  1   1    7    0   0.000    0.000    0.000  1
 75   1    1  1 0 2    74  16    78  480  480     0.00000   3.48230 5.72826e-004  1202  2089   0.00   0.00   0.13   -4.33   17.88  -32.12  1.200 -0.600 0 3 0 2  0.583  0.583   2.05    0.00   650.00    0.00   1   70.00    69  700 2619    30   0.0  1   1    7    0   0.000    0.000    0.000  1
 76   1    1  1 0 2    75  16    78  480  480     0.00000   3.48230 5.72826e-004  1207  2099   0.00   0.00   0.13   -3.73   17.89  -32.12  1.200 -0.600 0 3 0 2  0.583  0.583   2.05    0.00   650.00    0.00   1   70.00    69  700 2619    30   0.0  1   1    7    0   0.000    0.000    0.000  1
 77   1    1  1 0 2    76  16    78  480  480     0.00000   3.48230 5.72826e-004  1190  2069   0.00   0.00   0.13   -3.13   17.89  -32.12  1.200 -0.600 0 3 0 2  0.583  0.583   2.05    0.00   650.00    0.00   1   70.00    69  700 2619    30   0.0  1   1    7    0   0.000    0.000    0.000  1
 78   1    1  1 0 2    77  16    78  480  480     0.00000   3.48230 5.72826e-004  1170  2034   0.00   0.00   0.13   -2.53   17.89  -32.12  1.200 -0.600 0 3 0 2  0.583  0.583   2.05    0.00   650.00    0.00   1   70.00    69  700 2619    30   0.0  1   1    7    0   0.000    0.000    0.000  1
 79   1    1  1 0 2    78  16    78  480  480     0.00000   3.48230 5.72826e-004  1159  2015   0.00   0.00   0.13   -1.93   17.89  -32.12  1.200 -0.600 0 3 0 2  0.583  0.583   2.05    0.00   650.00    0.00   1   70.00    69  700 2619    30   0.0  1   1    7    0   0.000    0.000    0.000  1
 80   1    1  1 0 2    79  16    78  480  480     0.00000   3.48230 5.72826e-004  1157  2012   0.00   0.00   0.13   -1.33   17.89  -32.12  1.200 -0.600 0 3 0 2  0.583  0.583   2.05    0.00   650.00    0.00   1   70.00    69  700 2619    30   0.0  1   1    7    0   0.000    0.000    0.000  1
 81   1    1  1 0 2    80  16    78  480  480     0.00000   3.48230 5.72826e-004  1140  1982   0.00   0.00   0.13   -0.73   17.89  -32.12  1.200 -0.600 0 3 0 2  0.583  0.583   2.05    0.00   650.00    0.00   1   70.00    69  700 2619    30   0.0  1   1    7    0   0.000    0.000    0.000  1
 82   1    1  1 0 2    81  16    78  480  480     0.00000   3.48230 5.72826e-004  1116  1939   0.00   0.00   0.13   -0.13   17.89  -32.12  1.200 -0.600 0 3 0 2  0.583  0.583   2.05    0.00   650.00    0.00   1   70.00    69  700 2619    30   0.0  1   1    7    0   0.000    0.000    0.000  1
 83   1    1  1 0 2    82  16    78  480  480     0.00000   3.48230 5.72826e-004  1090  1895   0.00   0.00   0.13    0.47   17.90  -32.12  1.200 -0.600 0 3 0 2  0.583  0.583   2.05    0.00   650.00    0.00   1   70.00    69  700 2619    30   0.0  1   1    7    0   0.000    0.000    0.000  1
 84   1    1  1 0 2    83  16    78  480  480     0.00000   3.48230 5.72826e-004  1070  1860   0.00   0.00   0.13    1.07   17.90  -32.12  1.200 -0.600 0 3 0 2  0.583  0.583   2.05    0.00   650.00    0.00   1   70.00    69  700 2619    30   0.0  1   1    7    0   0.000    0.000    0.000  1
 85   1    1  1 0 2    84  16    78  480  480     0.00000   3.48230 5.72826e-004  1061  1845   0.00   0.00   0.13    1.67   17.90  -32.12  1.200 -0.600 0 3 0 2  0.583  0.583   2.05    0.00   650.00    0.00   1   70.00    69  700 2619    30   0.0  1   1    7    0   0.000    0.000    0.000  1
 86   1    1  1 0 2    85  16    78  480  480     0.00000   3.48230 5.72826e-004  1052  1829   0.00   0.00   0.13    2.27   17.90  -32.12  1.200 -0.600 0 3 0 2  0.583  0.583   2.05    0.00   650.00    0.00   1   70.00    69  700 2619    30   0.0  1   1    7    0   0.000    0.000    0.000  1
 87   1    1  1 0 2    86  16    78  480  480     0.00000   3.48230 5.72826e-004  1031  1793   0.00   0.00   0.13    2.87   17.90  -32.12  1.200 -0.600 0 3 0 2  0.583  0.583   2.05    0.00   650.00    0.00   1   70.00    69  700 2619    30   0.0  1   1    7    0   0.000    0.000    0.000  1
 88   1    1  1 0 2    87  16    78  480  480     0.00000   3.48230 5.72826e-004  1013  1761   0.00   0.00   0.13    3.47   17.90  -32.12  1.200 -0.600 0 3 0 2  0.583  0.583   2.05    0.00   650.00    0.00   1   70.00    69  700 2619    30   0.0  1   1    7    0   0.000    0.000    0.000  1
 89   1    1  1 0 2    88  16    78  480  480     0.00000   3.48230 5.72826e-004  1013  1761   0.00   0.00   0.13    4.07   17.90  -32.12  1.200 -0.600 0 3 0 2  0.583  0.583   2.05    0.00   650.00    0.00   1   70.00    69  700 2619    30   0.0  1   1    7    0   0.000    0.000    0.000  1
 90   1    1  1 0 2    89  16    78  480  480     0.00000   3.48230 5.72826e-004  1014  1762   0.00   0.00   0.13    4.67   17.90  -32.12  1.200 -0.600 0 3 0 2  0.583  0.583   2.05    0.00   650.00    0.00   1   70.00    69  700 2619    30   0.0  1   1    7    0   0.000    0.000    0.000  1
 91   1    1  1 0 2    90  16    78  480  480     0.00000   3.48230 5.72826e-004   991  1723   0.00   0.00   0.13    5.27   17.91  -32.12  1.200 -0.600 0 3 0 2  0.583  0.583   2.05    0.00   650.00    0.00   1   70.00    69  700 2619    30   0.0  1   1    7    0   0.000    0.000    0.000  1
 92   1    1  1 0 2    91  16    78  480  480     0.00000   3.48230 5.72826e-004   964  1676   0.00   0.00   0.13    5.87   17.91  -32.12  1.200 -0.600 0 3 0 2  0.583  0.583   2.05    0.00   650.00    0.00   1   70.00    69  700 2619    30   0.0  1   1    7    0   0.000    0.000    0.000  1
 93   1    1  1 0 2    92  16    78  480  480     0.00000   3.48230 5.72826e-004   964  1676   0.00   0.00   0.13    6.47   17.91  -32.12  1.200 -0.600 0 3 0 2  0.583  0.583   2.05    0.00   650.00    0.00   1   70.00    69  700 2619    30   0.0  1   1    7    0   0.000    0.000    0.000  1
 94   1    1  1 0 2    93  16    78  480  480     0.00000   3.48230 5.72826e-004   948  1647   0.00   0.00   0.13    7.07   17.91  -32.12  1.200 -0.600 0 3 0 2  0.583  0.583   2.05    0.00   650.00    0.00   1   70.00    69  700 2619    30   0.0  1   1    7    0   0.000    0.000    0.000  1
 95   1    1  1 0 2    94  16    78  480  480     0.00000   3.48230 5.72826e-004   941  1636   0.00   0.00   0.13    7.67   17.91  -32.12  1.200 -0.600 0 3 0 2  0.583  0.583   2.05    0.00   650.00    0.00   1   70.00    69  700 2619    30   0.0  1   1    7    0   0.000    0.000    0.000  1
 96   1    1  1 0 2    95  16    78  480  480     0.00000   3.48230 5.72826e-004   945  1642   0.00   0.00   0.13    8.27   17.91  -32.12  1.200 -0.600 0 3 0 2  0.583  0.583   2.05    0.00   650.00    0.00   1   70.00    69  700 2619    30   0.0  1   1    7    0   0.000    0.000    0.000  1
 97   1    1  1 0 2    96  16    78  480  480     0.00000   3.48230 5.72826e-004   944  1641   0.00   0.00   0.13    8.87   17.91  -32.12  1.200 -0.600 0 3 0 2  0.583  0.583   2.05    0.00   650.00    0.00   1   70.00    69  700 2619    30   0.0  1   1    7    0   0.000    0.000    0.000  1
 98   1    1  1 0 2    97  16    78  480  480     0.00000   3.48230 5.72826e-004   944  1642   0.00   0.00   0.13    9.47   17.92  -32.12  1.200 -0.600 0 3 0 2  0.583  0.583   2.05    0.00   650.00    0.00   1   70.00    69  700 2619    30   0.0  1   1    7    0   0.000    0.000    0.000  1
 99   1    1  1 0 2    98  16    78  480  480     0.00000   3.48230 5.72826e-004   923  1605   0.00   0.00   0.13   10.07   17.92  -32.12  1.200 -0.600 0 3 0 2  0.583  0.583   2.05    0.00   650.00    0.00   1   70.00    69  700 2619    30   0.0  1   1    7    0   0.000    0.000    0.000  1
100   1    1  1 0 2    99  16    78  480  480     0.00000   3.48230 5.72826e-004   923  1604   0.00   0.00   0.13   10.67   17.92  -32.12  1.200 -0.600 0 3 0 2  0.583  0.583   2.05    0.00   650.00    0.00   1   70.00    69  700 2619    30   0.0  1   1    7    0   0.000    0.000    0.000  1
101   1    1  1 0 2   100  16    78  480  480     0.00000   3.48230 5.72826e-004   951  1653   0.00   0.00   0.13   11.27   17.92  -32.12  1.200 -0.600 0 3 0 2  0.583  0.583   2.05    0.00   650.00    0.00   1   70.00    69  700 2619    30   0.0  1   1    7    0   0.000    0.000    0.000  1
102   1    1  1 0 2   101  16    78  480  480     0.00000   3.48230 5.72826e-004   990  1721   0.00   0.00   0.13   11.87   17.92  -32.12  1.200 -0.600 0 3 0 2  0.583  0.583   2.05    0.00   650.00    0.00   1   70.00    69  700 2619    30   0.0  1   1    7    0   0.000    0.000    0.000  1
103   1    1  1 0 2   102  16    78  480  480     0.00000   3.48230 5.72826e-004  1024  1780   0.00   0.00   0.13   12.47   17.92  -32.12  1.200 -0.600 0 3 0 2  0.583  0.583   2.05    0.00   650.00    0.00   1   70.00    69  700 2619    30   0.0  1   1    7    0   0.000    0.000    0.000  1
104   1    1  1 0 2   103  16    78  480  480     0.00000   3.48230 5.72826e-004  1022  1776   0.00   0.00   0.13   13.07   17.92  -32.12  1.200 -0.600 0 3 0 2  0.583  0.583   2.05    0.00   650.00    0.00   1   70.00    69  700 2619    30   0.0  1   1    7    0   0.000    0.000    0.000  1
105   1    1  1 0 2   104  16    78  480  480     0.00000   3.48230 5.72826e-004  1001  1739   0.00   0.00   0.13   13.67   17.92  -32.12  1.200 -0.600 0 3 0 2  0.583  0.583   2.05    0.00   650.00    0.00   1   70.00    69  700 2619    30   0.0  1   1    7    0   0.000    0.000    0.000  1
106   1    1  1 0 2   105  16    78  480  480     0.00000   3.48230 5.72826e-004   975  1695   0.00   0.00   0.13   14.27   17.93  -32.12  1.200 -0.600 0 3 0 2  0.583  0.583   2.05    0.00   650.00    0.00   1   70.00    69  700 2619    30   0.0  1   1    7    0   0.000    0.000    0.000  1
107   1    1  1 0 2   106  16    78  480  480     0.00000   3.48230 5.72826e-004   972  1690   0.00   0.00   0.13   14.87   17.93  -32.12  1.200 -0.600 0 3 0 2  0.583  0.583   2.05    0.00   650.00    0.00   1   70.00    69  700 2619    30   0.0  1   1    7    0   0.000    0.000    0.000  1
108   1    1  1 0 2   107  16    78  480  480     0.00000   3.48230 5.72826e-004   950  1652   0.00   0.00   0.13   15.47   17.93  -32.12  1.200 -0.600 0 3 0 2  0.583  0.583   2.05    0.00   650.00    0.00   1   70.00    69  700 2619    30   0.0  1   1    7    0   0.000    0.000    0.000  1
109   1    1  1 0 2   108  16    78  480  480     0.00000   3.48230 5.72826e-004   963  1675   0.00   0.00   0.13   16.07   17.93  -32.12  1.200 -0.600 0 3 0 2  0.583  0.583   2.05    0.00   650.00    0.00   1   70.00    69  700 2619    30   0.0  1   1    7    0   0.000    0.000    0.000  1
110   1    1  1 0 2   109  16    78  480  480     0.00000   3.48230 5.72826e-004   941  1636   0.00   0.00   0.13   16.67   17.93  -32.12  1.200 -0.600 0 3 0 2  0.583  0.583   2.05    0.00   650.00    0.00   1   70.00    69  700 2619    30   0.0  1   1    7    0   0.000    0.000    0.000  1
111   1    1  1 0 2   110  16    78  480  480     0.00000   3.48230 5.72826e-004   915  1591   0.00   0.00   0.13   17.27   17.93  -32.12  1.200 -0.600 0 3 0 2  0.583  0.583   2.05    0.00   650.00    0.00   1   70.00    69  700 2619    30   0.0  1   1    7    0   0.000    0.000    0.000  1
112   1    1  1 0 2   111  16    78  480  480     0.00000   3.48230 5.72826e-004   887  1542   0.00   0.00   0.13   17.87   17.93  -32.12  1.200 -0.600 0 3 0 2  0.583  0.583   2.05    0.00   650.00    0.00   1   70.00    69  700 2619    30   0.0  1   1    7    0   0.000    0.000    0.000  1
113   1    1  1 0 2   112  16    78  480  480     0.00000   3.48230 5.72826e-004   879  1527   0.00   0.00   0.13   18.47   17.94  -32.12  1.200 -0.600 0 3 0 2  0.583  0.583   2.05    0.00   650.00    0.00   1   70.00    69  700 2619    30   0.0  1   1    7    0   0.000    0.000    0.000  1
114   1    1  1 0 2   113  16    78  480  480     0.00000   3.48230 5.72826e-004   882  1532   0.00   0.00   0.13   19.07   17.94  -32.12  1.200 -0.600 0 3 0 2  0.583  0.583   2.05    0.00   650.00    0.00   1   70.00    69  700 2619    30   0.0  1   1    7    0   0.000    0.000    0.000  1
115   1    1  1 0 2   114  16    78  480  480     0.00000   3.48230 5.72826e-004   867  1507   0.00   0.00   0.13   19.67   17.94  -32.12  1.200 -0.600 0 3 0 2  0.583  0.583   2.05    0.00   650.00    0.00   1   70.00    69  700 2619    30   0.0  1   1    7    0   0.000    0.000    0.000  1
116   1    1  1 0 2   115  16    78  480  480     0.00000   3.48230 5.72826e-004   871  1514   0.00   0.00   0.13   20.27   17.94  -32.12  1.200 -0.600 0 3 0 2  0.583  0.583   2.05    0.00   650.00    0.00   1   70.00    69  700 2619    30   0.0  1   1    7    0   0.000    0.000    0.000  1
117   1    1  1 0 2   116  16    78  480  480     0.00000   3.48230 5.72826e-004   881  1532   0.00   0.00   0.13   20.87   17.94  -32.12  1.200 -0.600 0 3 0 2  0.583  0.583   2.05    0.00   650.00    0.00   1   70.00    69  700 2619    30   0.0  1   1    7    0   0.000    0.000    0.000  1
118   1    1  1 0 2   117  16    78  480  480     0.00000   3.48230 5.72826e-004   894  1554   0.00   0.00   0.13   21.47   17.94  -32.12  1.200 -0.600 0 3 0 2  0.583  0.583   2.05    0.00   650.00    0.00   1   70.00    69  700 2619    30   0.0  1   1    7    0   0.000    0.000    0.000  1
119   1    1  1 0 2   118  16    78  480  480     0.00000   3.48230 5.72826e-004   906  1575   0.00   0.00   0.13   22.07   17.94  -32.12  1.200 -0.600 0 3 0 2  0.583  0.583   2.05    0.00   650.00    0.00   1   70.00    69  700 2619    30   0.0  1   1    7    0   0.000    0.000    0.000  1
120   1    1  1 0 2   119  16    78  480  480     0.00000   3.48230 5.72826e-004   935  1625   0.00   0.00   0.13   22.67   17.94  -32.12  1.200 -0.600 0 3 0 2  0.583  0.583   2.05    0.00   650.00    0.00   1   70.00    69  700 2619    30   0.0  1   1    7    0   0.000    0.000    0.000  1
121   1    1  1 0 2   120  16    78  480  480     0.00000   3.48230 5.72826e-004   971  1688   0.00   0.00   0.13   23.27   17.95  -32.12  1.200 -0.600 0 3 0 2  0.583  0.583   2.05    0.00   650.00    0.00   1   70.00    69  700 2619    30   0.0  1   1    7    0   0.000    0.000    0.000  1
122   1    1  1 0 2   121  16    78  480  480     0.00000   3.48230 5.72826e-004   965  1677   0.00   0.00   0.13   23.87   17.95  -32.12  1.200 -0.600 0 3 0 2  0.583  0.583   2.05    0.00   650.00    0.00   1   70.00    69  700 2619    30   0.0  1   1    7    0   0.000    0.000    0.000  1
123   1    1  1 0 2   122  16    78  480  480     0.00000   3.48230 5.72826e-004   951  1653   0.00   0.00   0.13   24.47   17.95  -32.12  1.200 -0.600 0 3 0 2  0.583  0.583   2.05    0.00   650.00    0.00   1   70.00    69  700 2619    30   0.0  1   1    7    0   0.000    0.000    0.000  1
124   1    1  1 0 2   123  16    78  480  480     0.00000   3.48230 5.72826e-004   955  1661   0.00   0.00   0.13   25.07   17.95  -32.12  1.200 -0.600 0 3 0 2  0.583  0.583   2.05    0.00   650.00    0.00   1   70.00    69  700 2619    30   0.0  1   1    7    0   0.000    0.000    0.000  1
125   1    1  1 0 2   124  16    78  480  480     0.00000   3.48230 5.72826e-004   954  1658   0.00   0.00   0.13   25.67   17.95  -32.12  1.200 -0.600 0 3 0 2  0.583  0.583   2.05    0.00   650.00    0.00   1   70.00    69  700 2619    30   0.0  1   1    7    0   0.000    0.000    0.000  1
126   1    1  1 0 2   125  16    78  480  480     0.00000   3.48230 5.72826e-004   962  1672   0.00   0.00   0.13   26.27   17.95  -32.12  1.200 -0.600 0 3 0 2  0.583  0.583   2.05    0.00   650.00    0.00   1   70.00    69  700 2619    30   0.0  1   1    7    0   0.000    0.000    0.000  1
127   1    1  1 0 2   126  16    78  480  480     0.00000   3.48230 5.72826e-004   967  1681   0.00   0.00   0.13   26.87   17.95  -32.12  1.200 -0.600 0 3 0 2  0.583  0.583   2.05    0.00   650.00    0.00   1   70.00    69  700 2619    30   0.0  1   1    7    0   0.000    0.000    0.000  1
128   1    1  1 0 2   127  16    78  480  480     0.00000   3.48230 5.72826e-004   973  1691   0.00   0.00   0.13   27.47   17.96  -32.12  1.200 -0.600 0 3 0 2  0.583  0.583   2.05    0.00   650.00    0.00   1   70.00    69  700 2619    30   0.0  1   1    7    0   0.000    0.000    0.000  1
129   1    1  1 0 2   128  16    78  480  480     0.00000   3.48230 5.72826e-004   970  1687   0.00   0.00   0.13   28.07   17.96  -32.12  1.200 -0.600 0 3 0 2  0.583  0.583   2.05    0.00   650.00    0.00   1   70.00    69  700 2619    30   0.0  1   1    7    0   0.000    0.000    0.000  1
130   1    1  1 0 2   129  16    78  480  480     0.00000   3.48230 5.72826e-004   968  1682   0.00   0.00   0.13   28.67   17.96  -32.12  1.200 -0.600 0 3 0 2  0.583  0.583   2.05    0.00   650.00    0.00   1   70.00    69  700 2619    30   0.0  1   1    7    0   0.000    0.000    0.000  1
131   1    1  1 0 2   130  16    78  480  480     0.00000   3.48230 5.72826e-004   974  1692   0.00   0.00   0.13   29.27   17.96  -32.12  1.200 -0.600 0 3 0 2  0.583  0.583   2.05    0.00   650.00    0.00   1   70.00    69  700 2619    30   0.0  1   1    7    0   0.000    0.000    0.000  1
132   1    1  1 0 2   131  16    78  480  480     0.00000   3.48230 5.72826e-004   974  1693   0.00   0.00   0.13   29.87   17.96  -32.12  1.200 -0.600 0 3 0 2  0.583  0.583   2.05    0.00   650.00    0.00   1   70.00    69  700 2619    30   0.0  1   1    7    0   0.000    0.000    0.000  1
133   1    1  1 0 2   132  16    78  480  480     0.00000   3.48230 5.72826e-004   959  1668   0.00   0.00   0.13   30.47   17.96  -32.12  1.200 -0.600 0 3 0 2  0.583  0.583   2.05    0.00   650.00    0.00   1   70.00    69  700 2619    30   0.0  1   1    7    0   0.000    0.000    0.000  1
134   1    1  1 0 2   133  16    78  480  480     0.00000   3.48230 5.72826e-004   960  1668   0.00   0.00   0.13   31.07   17.96  -32.12  1.200 -0.600 0 3 0 2  0.583  0.583   2.05    0.00   650.00    0.00   1   70.00    69  700 2619    30   0.0  1   1    7    0   0.000    0.000    0.000  1
135   1    1  1 0 2   134  16    78  480  480     0.00000   3.48230 5.72826e-004   978  1699   0.00   0.00   0.13   31.67   17.96  -32.12  1.200 -0.600 0 3 0 2  0.583  0.583   2.05    0.00   650.00    0.00   1   70.00    69  700 2619    30   0.0  1   1    7    0   0.000    0.000    0.000  1
136   1    1  1 0 2   135  16    78  480  480     0.00000   3.48230 5.72826e-004   993  1727   0.00   0.00   0.13   32.27   17.97  -32.12  1.200 -0.600 0 3 0 2  0.583  0.583   2.05    0.00   650.00    0.00   1   70.00    69  700 2619    30   0.0  1   1    7    0   0.000    0.000    0.000  1
137   1    1  1 0 2   136  16    78  480  480     0.00000   3.48230 5.72826e-004  1014  1763   0.00   0.00   0.13   32.87   17.97  -32.12  1.200 -0.600 0 3 0 2  0.583  0.583   2.05    0.00   650.00    0.00   1   70.00    69  700 2619    30   0.0  1   1    7    0   0.000    0.000    0.000  1
138   1    1  1 0 2   137  16    78  480  480     0.00000   3.48230 5.72826e-004  1021  1776   0.00   0.00   0.13   33.47   17.97  -32.12  1.200 -0.600 0 3 0 2  0.583  0.583   2.05    0.00   650.00    0.00   1   70.00    69  700 2619    30   0.0  1   1    7    0   0.000    0.000    0.000  1
139   1    1  1 0 2   138  16    78  480  480     0.00000   3.48230 5.72826e-004   986  1714   0.00   0.00   0.13   34.07   17.97  -32.12  1.200 -0.600 0 3 0 2  0.583  0.583   2.05    0.00   650.00    0.00   1   70.00    69  700 2619    30   0.0  1   1    7    0   0.000    0.000    0.000  1
140   1    1  1 0 2   139  16    78  480  480     0.00000   3.48230 5.72826e-004   950  1651   0.00   0.00   0.13   34.67   17.97  -32.12  1.200 -0.600 0 3 0 2  0.583  0.583   2.05    0.00   650.00    0.00   1   70.00    69  700 2619    30   0.0  1   1    7    0   0.000    0.000    0.000  1
141   1    1  1 0 2   140  16    78  480  480     0.00000   3.48230 5.72826e-004   956  1662   0.00   0.00   0.13   35.27   17.97  -32.12  1.200 -0.600 0 3 0 2  0.583  0.583   2.05    0.00   650.00    0.00   1   70.00    69  700 2619    30   0.0  1   1    7    0   0.000    0.000    0.000  1
142   1    1  1 0 2   141  16    78  480  480     0.00000   3.48230 5.72826e-004   947  1646   0.00   0.00   0.13   35.87   17.97  -32.12  1.200 -0.600 0 3 0 2  0.583  0.583   2.05    0.00   650.00    0.00   1   70.00    69  700 2619    30   0.0  1   1    7    0   0.000    0.000    0.000  1
143   1    1  1 0 2   142  16    78  480  480     0.00000   3.48230 5.72826e-004   937  1629   0.00   0.00   0.13   36.47   17.98  -32.12  1.200 -0.600 0 3 0 2  0.583  0.583   2.05    0.00   650.00    0.00   1   70.00    69  700 2619    30   0.0  1   1    7    0   0.000    0.000    0.000  1
144   1    1  1 0 2   143  16    78  480  480     0.00000   3.48230 5.72826e-004   942  1637   0.00   0.00   0.13   37.07   17.98  -32.12  1.200 -0.600 0 3 0 2  0.583  0.583   2.05    0.00   650.00    0.00   1   70.00    69  700 2619    30   0.0  1   1    7    0   0.000    0.000    0.000  1
145   1    1  1 0 2   144  16    78  480  480     0.00000   3.48230 5.72826e-004   934  1623   0.00   0.00   0.13   37.67   17.98  -32.12  1.200 -0.600 0 3 0 2  0.583  0.583   2.05    0.00   650.00    0.00   1   70.00    69  700 2619    30   0.0  1   1    7    0   0.000    0.000    0.000  1
146   1    1  1 0 2   145  16    78  480  480     0.00000   3.48230 5.72826e-004   919  1598   0.00   0.00   0.13   38.27   17.98  -32.12  1.200 -0.600 0 3 0 2  0.583  0.583   2.05    0.00   650.00    0.00   1   70.00    69  700 2619    30   0.0  1   1    7    0   0.000    0.000    0.000  1
147   1    1  1 0 2   146  16    78  480  480     0.00000   3.48230 5.72826e-004   893  1553   0.00   0.00   0.13   38.87   17.98  -32.12  1.200 -0.600 0 3 0 2  0.583  0.583   2.05    0.00   650.00    0.00   1   70.00    69  700 2619    30   0.0  1   1    7    0   0.000    0.000    0.000  1
148   1    1  1 0 2   147  16    78  480  480     0.00000   3.48230 5.72826e-004   861  1497   0.00   0.00   0.13   39.47   17.98  -32.12  1.200 -0.600 0 3 0 2  0.583  0.583   2.05    0.00   650.00    0.00   1   70.00    69  700 2619    30   0.0  1   1    7    0   0.000    0.000    0.000  1
149   1    1  1 0 2   148  16    78  480  480     0.00000   3.48230 5.72826e-004   848  1474   0.00   0.00   0.13   40.07   17.98  -32.12  1.200 -0.600 0 3 0 2  0.583  0.583   2.05    0.00   650.00    0.00   1   70.00    69  700 2619    30   0.0  1   1    7    0   0.000    0.000    0.000  1
150   1    1  1 0 2   149  16    78  480  480     0.00000   3.48230 5.72826e-004   832  1446   0.00   0.00   0.13   40.67   17.98  -32.12  1.200 -0.600 0 3 0 2  0.583  0.583   2.05    0.00   650.00    0.00   1   70.00    69  700 2619    30   0.0  1   1    7    0   0.000    0.000    0.000  1
151   1    1  1 0 2   150  16    78  480  480     0.00000   3.48230 5.72826e-004   838  1457   0.00   0.00   0.13   41.27   17.99  -32.12  1.200 -0.600 0 3 0 2  0.583  0.583   2.05    0.00   650.00    0.00   1   70.00    69  700 2619    30   0.0  1   1    7    0   0.000    0.000    0.000  1
152   1    1  1 0 2   151  16    78  480  480     0.00000   3.48230 5.72826e-004   853  1483   0.00   0.00   0.13   41.87   17.99  -32.12  1.200 -0.600 0 3 0 2  0.583  0.583   2.05    0.00   650.00    0.00   1   70.00    69  700 2619    30   0.0  1   1    7    0   0.000    0.000    0.000  1
153   1    1  1 0 2   152  16    78  480  480     0.00000   3.48230 5.72826e-004   842  1464   0.00   0.00   0.13   42.47   17.99  -32.12  1.200 -0.600 0 3 0 2  0.583  0.583   2.05    0.00   650.00    0.00   1   70.00    69  700 2619    30   0.0  1   1    7    0   0.000    0.000    0.000  1
154   1    1  1 0 2   153  16    78  480  480     0.00000   3.48230 5.72826e-004   822  1429   0.00   0.00   0.13   43.07   17.99  -32.12  1.200 -0.600 0 3 0 2  0.583  0.583   2.05    0.00   650.00    0.00   1   70.00    69  700 2619    30   0.0  1   1    7    0   0.000    0.000    0.000  1
155   1    1  1 0 2   154  16    78  480  480     0.00000   3.48230 5.72826e-004   820  1426   0.00   0.00   0.13   43.67   17.99  -32.12  1.200 -0.600 0 3 0 2  0.583  0.583   2.05    0.00   650.00    0.00   1   70.00    69  700 2619    30   0.0  1   1    7    0   0.000    0.000    0.000  1
156   1    1  1 0 2   155  16    78  480  480     0.00000   3.48230 5.72826e-004   815  1417   0.00   0.00   0.13   44.27   17.99  -32.12  1.200 -0.600 0 3 0 2  0.583  0.583   2.05    0.00   650.00    0.00   1   70.00    69  700 2619    30   0.0  1   1    7    0   0.000    0.000    0.000  1
157   1    1  1 0 2   156  16    78  480  480     0.00000   3.48230 5.72826e-004   812  1411   0.00   0.00   0.13   44.87   17.99  -32.12  1.200 -0.600 0 3 0 2  0.583  0.583   2.05    0.00   650.00    0.00   1   70.00    69  700 2619    30   0.0  1   1    7    0   0.000    0.000    0.000  1
158   1    1  1 0 2   157  16    78  480  480     0.00000   3.48230 5.72826e-004   815  1416   0.00   0.00   0.13   45.47   18.00  -32.12  1.200 -0.600 0 3 0 2  0.583  0.583   2.05    0.00   650.00    0.00   1   70.00    69  700 2619    30   0.0  1   1    7    0   0.000    0.000    0.000  1
159   1    1  1 0 2   158  16    78  480  480     0.00000   3.48230 5.72826e-004   823  1431   0.00   0.00   0.13   46.07   18.00  -32.12  1.200 -0.600 0 3 0 2  0.583  0.583   2.05    0.00   650.00    0.00   1   70.00    69  700 2619    30   0.0  1   1    7    0   0.000    0.000    0.000  1
160   1    1  1 0 2   159  16    78  480  480     0.00000   3.48230 5.72826e-004   828  1439   0.00   0.00   0.13   46.67   18.00  -32.12  1.200 -0.600 0 3 0 2  0.583  0.583   2.05    0.00   650.00    0.00   1   70.00    69  700 2619    30   0.0  1   1    7    0   0.000    0.000    0.000  1
161   1    1  1 0 2   160  16    78  480  480     0.00000   3.48230 5.72826e-004   828  1439   0.00   0.00   0.13   47.27   18.00  -32.12  1.200 -0.600 0 3 0 2  0.583  0.583   2.05    0.00   650.00    0.00   1   70.00    69  700 2619    30   0.0  1   1    7    0   0.000    0.000    0.000  1
162   1    1  1 0 2   161  16    78  480  480     0.00000   3.48230 5.72826e-004   841  1461   0.00   0.00   0.13   47.87   18.00  -32.12  1.200 -0.600 0 3 0 2  0.583  0.583   2.05    0.00   650.00    0.00   1   70.00    69  700 2619    30   0.0  1   1    7    0   0.000    0.000    0.000  1
163   1    1  1 0 2   162  16    78  480  480     0.00000   3.48230 5.72826e-004   848  1474   0.00   0.00   0.13   48.47   18.00  -32.12  1.200 -0.600 0 3 0 2  0.583  0.583   2.05    0.00   650.00    0.00   1   70.00    69  700 2619    30   0.0  1   1    7    0   0.000    0.000    0.000  1
164   1    1  1 0 2   163  16    78  480  480     0.00000   3.48230 5.72826e-004   807  1403   0.00   0.00   0.13   49.07   18.00  -32.12  1.200 -0.600 0 3 0 2  0.583  0.583   2.05    0.00   650.00    0.00   1   70.00    69  700 2619    30   0.0  1   1    7    0   0.000    0.000    0.000  1
165   1    1  1 0 2   164  16    78  480  480     0.00000   3.48230 5.72826e-004   776  1348   0.00   0.00   0.13   49.67   18.00  -32.12  1.200 -0.600 0 3 0 2  0.583  0.583   2.05    0.00   650.00    0.00   1   70.00    69  700 2619    30   0.0  1   1    7    0   0.000    0.000    0.000  1
166   1    1  1 0 2   165  16    78  480  480     0.00000   3.48230 5.72826e-004   757  1316   0.00   0.00   0.13   50.27   18.01  -32.12  1.200 -0.600 0 3 0 2  0.583  0.583   2.05    0.00   650.00    0.00   1   70.00    69  700 2619    30   0.0  1   1    7    0   0.000    0.000    0.000  1

# === END OF DATA DESCRIPTION FILE ===============================================
